              precision    recall  f1-score   support

           0       0.99      0.99      0.99       496
           1       1.00      0.95      0.97       471
           2       0.94      1.00      0.97       420
           3       0.84      0.79      0.81       491
           4       0.83      0.86      0.84       532
           5       0.99      1.00      0.99       537

    accuracy                           0.93      2947
   macro avg       0.93      0.93      0.93      2947
weighted avg       0.93      0.93      0.93      2947
